1.000000000 -0.000000000 -0.000000000 0.000000000 -0.000000000 1.000000000 0.000000000 0.000000000 -0.000000000 0.000000000 1.000000000 0.000000000
0.999991238 -0.002486091 -0.003359837 -0.002815549 0.002478675 0.999994516 -0.002209320 -0.005140313 0.003365311 0.002200973 0.999991894 0.666810632
0.999970496 -0.001492119 -0.007533326 -0.008767487 0.001465564 0.999992847 -0.003529146 -0.011131695 0.007538538 0.003518002 0.999965370 1.366331100
0.999935210 -0.001255877 -0.011306732 -0.026258552 0.001199663 0.999986887 -0.004977090 -0.012806331 0.011312836 0.004963204 0.999923706 2.065895557
0.999868035 -0.000014695 -0.016241796 -0.045507036 -0.000077949 0.999983728 -0.005703357 -0.015078219 0.016241616 0.005703872 0.999851823 2.796266556
0.999786139 -0.000919838 -0.020661658 -0.059615523 0.000801050 0.999983132 -0.005756703 -0.029599983 0.020666605 0.005738920 0.999769926 3.538013220
0.999682426 0.000871145 -0.025183702 -0.084980235 -0.001051158 0.999973953 -0.007135637 -0.032865170 0.025176831 0.007159844 0.999657333 4.293203354
0.999554515 0.003769422 -0.029610991 -0.121598139 -0.004001832 0.999961674 -0.007793413 -0.042761881 0.029580479 0.007908439 0.999531090 5.051661491
0.999412417 0.003568791 -0.034093447 -0.149451211 -0.003770712 0.999975801 -0.005860121 -0.051794127 0.034071710 0.005985233 0.999401450 5.852602959
0.999248683 0.003028858 -0.038637407 -0.183704987 -0.003160382 0.999989569 -0.003343448 -0.056724519 0.038626868 0.003463045 0.999247730 6.653962612
0.999125898 0.002703638 -0.041716538 -0.227528214 -0.002728719 0.999996245 -0.000544308 -0.064583398 0.041714899 0.000657665 0.999129295 7.457921028
0.998998344 0.003925239 -0.044576295 -0.262926519 -0.003991457 0.999991059 -0.001396570 -0.072727747 0.044570416 0.001573095 0.999004960 8.282506943
0.998907208 0.003496732 -0.046608221 -0.309889466 -0.003575927 0.999992311 -0.001615889 -0.077633023 0.046602212 0.001780791 0.998911917 9.102314949
0.998839676 0.000946509 -0.048152428 -0.354467183 -0.001058125 0.999996841 -0.002292484 -0.084590577 0.048150104 0.002340775 0.998837352 9.928807259
0.998708904 0.000314996 -0.050797943 -0.387326509 -0.000387515 0.999998927 -0.001417747 -0.090377122 0.050797440 0.001435601 0.998707891 10.793096542
0.998629630 -0.001194883 -0.052321244 -0.433764935 0.001101023 0.999997795 -0.001822692 -0.097338066 0.052323308 0.001762588 0.998628676 11.644528389
0.998535454 0.000966832 -0.054092783 -0.486272156 -0.001179417 0.999991715 -0.003898232 -0.109159045 0.054088570 0.003956321 0.998528302 12.505358696
0.998459518 0.001255259 -0.055470690 -0.538813233 -0.001617937 0.999977589 -0.006493763 -0.119127311 0.055461299 0.006573508 0.998439193 13.373104095
0.998367071 0.004997199 -0.056903966 -0.600492954 -0.005458925 0.999953389 -0.007961580 -0.133099675 0.056861527 0.008259214 0.998347938 14.245721817
0.998288929 0.006297469 -0.058132172 -0.654905081 -0.006746911 0.999948800 -0.007538348 -0.145217165 0.058081724 0.007917664 0.998280346 15.141489029
0.998213172 0.005367031 -0.059511177 -0.711873233 -0.005747265 0.999964178 -0.006219958 -0.156504408 0.059475649 0.006550872 0.998208225 16.032135010
0.998144209 0.006129869 -0.060585275 -0.775529385 -0.006443487 0.999966800 -0.004982452 -0.166051894 0.060552720 0.005363586 0.998150527 16.927762985
0.998093247 0.005505058 -0.061478004 -0.836591482 -0.005809791 0.999971807 -0.004779143 -0.182114705 0.061449952 0.005127206 0.998096943 17.835935593
0.997975826 0.005580593 -0.063351110 -0.894037127 -0.005929512 0.999968290 -0.005320996 -0.199921191 0.063319422 0.005685865 0.997977018 18.737520218
0.997940898 0.003993544 -0.064016379 -0.961874485 -0.004367470 0.999974310 -0.005702212 -0.215167999 0.063991956 0.005970059 0.997932494 19.650463104
0.997890592 0.003726030 -0.064811200 -1.017721653 -0.004014205 0.999982655 -0.004316727 -0.223231643 0.064794011 0.004567787 0.997888148 20.567247391
0.997876108 0.005621898 -0.064896867 -1.078020215 -0.005704844 0.999983132 -0.001092889 -0.233681142 0.064889625 0.001460794 0.997891366 21.495365143
0.997936785 0.006707427 -0.063853279 -1.142277956 -0.006555813 0.999975204 0.002583639 -0.242739663 0.063869037 -0.002159698 0.997955918 22.424348831
0.998052955 0.006006482 -0.062081903 -1.211112976 -0.005690708 0.999970019 0.005261981 -0.246562958 0.062111646 -0.004898447 0.998057127 23.362419128
0.998132527 0.005491388 -0.060838729 -1.260168195 -0.005112932 0.999966621 0.006374606 -0.255255222 0.060871702 -0.006051639 0.998127222 24.302059174
0.998216331 0.005844939 -0.059413999 -1.317053914 -0.005640900 0.999977648 0.003601343 -0.262137473 0.059433717 -0.003259771 0.998227060 25.244255066
0.998262286 0.006404548 -0.058579545 -1.376837373 -0.006489559 0.999978185 -0.001261053 -0.266085118 0.058570184 0.001639017 0.998281956 26.186685562
0.998336852 0.005987427 -0.057338320 -1.434697628 -0.006223042 0.999972880 -0.003931517 -0.282216460 0.057313222 0.004281797 0.998346984 27.130023956
0.998389065 0.003244637 -0.056646865 -1.489038706 -0.003417456 0.999989808 -0.002954219 -0.291770935 0.056636699 0.003143049 0.998389900 28.089241028
0.998396277 0.001755524 -0.056583971 -1.550633669 -0.001648962 0.999996901 0.001929881 -0.300552428 0.056587163 -0.001833480 0.998395979 29.063053131
0.998340845 -0.002063251 -0.057542134 -1.599733949 0.002390995 0.999981225 0.005627465 -0.314797461 0.057529449 -0.005755711 0.998327255 30.027112961
0.998232424 -0.009512422 -0.058664504 -1.648673773 0.009827444 0.999938786 0.005083736 -0.321976632 0.058612555 -0.005651272 0.998264909 31.002971649
0.998132825 -0.011492106 -0.059989855 -1.703437805 0.011589744 0.999932051 0.001279903 -0.329642504 0.059971072 -0.001972780 0.998198152 31.963291168
0.998051345 -0.011128181 -0.061398618 -1.766366243 0.010966012 0.999935389 -0.002977572 -0.334194988 0.061427794 0.002298471 0.998108923 32.942268372
0.997952402 -0.010080315 -0.063162543 -1.845736027 0.009878473 0.999945104 -0.003507084 -0.344656944 0.063194416 0.002875953 0.997997046 33.923728943
0.997881711 -0.010129033 -0.064259909 -1.894776344 0.010032280 0.999948025 -0.001828189 -0.359605581 0.064275101 0.001179643 0.997931540 34.896373749
0.997824967 -0.007219953 -0.065521404 -1.964704633 0.007302727 0.999972820 0.001023881 -0.372093201 0.065512247 -0.001500139 0.997850657 35.895828247
0.997751653 -0.006903320 -0.066662900 -2.039113522 0.007069486 0.999972403 0.002257038 -0.384485781 0.066645481 -0.002723237 0.997772992 36.883098602
0.997698963 -0.005733823 -0.067556962 -2.111322641 0.006074528 0.999969900 0.004838884 -0.392136693 0.067527197 -0.005238126 0.997703671 37.859569550
0.997706413 -0.005857271 -0.067436047 -2.178344965 0.006407189 0.999947906 0.007941257 -0.400127113 0.067386024 -0.008355120 0.997691989 38.852359772
0.997684240 -0.000367338 -0.068015359 -2.256793737 0.001057874 0.999948263 0.010116890 -0.398406655 0.068008125 -0.010165412 0.997632921 39.844421387
0.997664928 -0.000077571 -0.068298750 -2.333723545 0.000717931 0.999955952 0.009351386 -0.403205365 0.068295017 -0.009378583 0.997621059 40.834819794
0.997681141 0.000272292 -0.068060011 -2.395918846 0.000280313 0.999967098 0.008109692 -0.419194788 0.068059988 -0.008109965 0.997648239 41.807815552
0.997680366 0.002557694 -0.068024494 -2.475785017 -0.002170496 0.999981046 0.005765353 -0.422023594 0.068037972 -0.005604332 0.997667015 42.799530029
0.997646987 0.002067712 -0.068528235 -2.553300381 -0.001677936 0.999982059 0.005744896 -0.425319284 0.068538882 -0.005616392 0.997632623 43.777206421
0.997545004 -0.000082116 -0.070027813 -2.619152784 0.000582371 0.999974489 0.007123285 -0.435325652 0.070025459 -0.007146580 0.997519553 44.771419525
0.997489035 0.000304378 -0.070819795 -2.692340851 0.000269088 0.999967277 0.008087847 -0.439683318 0.070819937 -0.008086596 0.997456312 45.757022858
0.997501731 0.003297436 -0.070564754 -2.778891325 -0.002985798 0.999985337 0.004521362 -0.451959580 0.070578620 -0.004299374 0.997496903 46.730396271
0.997408509 0.003711532 -0.071850024 -2.851164818 -0.003689641 0.999993145 0.000437391 -0.459676325 0.071851157 -0.000171157 0.997415304 47.694137573
0.997354865 0.003952697 -0.072578296 -2.909952641 -0.004020355 0.999991536 -0.000786140 -0.465455592 0.072574571 0.001075851 0.997362435 48.647342682
0.997352839 0.002871255 -0.072658561 -2.984349251 -0.002650484 0.999991536 0.003134705 -0.480659485 0.072666951 -0.002933827 0.997351944 49.628940582
0.997357786 0.000744392 -0.072641775 -3.057589054 -0.000319001 0.999982774 0.005867448 -0.487641007 0.072644882 -0.005828772 0.997340858 50.595119476
0.997316301 -0.001382753 -0.073199287 -3.118832350 0.001876041 0.999975979 0.006670645 -0.497281104 0.073188320 -0.006790068 0.997295022 51.542373657
0.997270346 -0.004722382 -0.073685214 -3.187069416 0.005143783 0.999971449 0.005530215 -0.505968988 0.073657021 -0.005894141 0.997266233 52.502155304
0.997235298 -0.007556113 -0.073923625 -3.255195141 0.007898031 0.999959528 0.004334058 -0.516496837 0.073887862 -0.004905927 0.997254431 53.445846558
0.997154236 -0.008841702 -0.074868076 -3.329902649 0.009266623 0.999942780 0.005330130 -0.523790061 0.074816659 -0.006008736 0.997179151 54.398429871
0.997010291 -0.012549554 -0.076243937 -3.397040367 0.013315169 0.999865830 0.009541612 -0.527651608 0.076113969 -0.010528285 0.997043550 55.348907471
0.996977568 -0.012358517 -0.076699235 -3.468409538 0.013520036 0.999801457 0.014643084 -0.535420597 0.076503024 -0.015635803 0.996946752 56.288944244
0.996979594 -0.010498081 -0.076950796 -3.551954746 0.011798070 0.999795139 0.016458677 -0.531661093 0.076762237 -0.017316833 0.996899009 57.233795166
0.996862054 -0.009268760 -0.078612983 -3.627289772 0.010270176 0.999871194 0.012343857 -0.532228112 0.078488417 -0.013112487 0.996828794 58.166110992
0.996781886 -0.007471372 -0.079811990 -3.704623461 0.007890419 0.999956787 0.004936345 -0.540032625 0.079771660 -0.005550208 0.996797681 59.072151184
0.996699333 -0.006324945 -0.080934800 -3.780650139 0.006361638 0.999979794 0.000195503 -0.549707890 0.080931932 -0.000709736 0.996719360 59.992351532
0.996670663 -0.001214246 -0.081524573 -3.868149996 0.001302581 0.999998629 0.001030356 -0.559241414 0.081523225 -0.001133119 0.996670723 60.890666962
0.996542931 0.001472677 -0.083066650 -3.950923681 -0.001177386 0.999992847 0.003603736 -0.574167371 0.083071373 -0.003493476 0.996537447 61.790870667
0.996462286 0.003776395 -0.083955944 -4.027696609 -0.003376234 0.999982297 0.004907785 -0.585989714 0.083972983 -0.004606967 0.996457398 62.667243958
0.996345103 0.004261095 -0.085312977 -4.104800224 -0.003884561 0.999982059 0.004579070 -0.593228817 0.085330948 -0.004230929 0.996343672 63.535144806
0.996228755 0.006126496 -0.086549424 -4.186764717 -0.005649451 0.999967515 0.005755691 -0.606606603 0.086581856 -0.005245028 0.996230960 64.382560730
0.996091962 0.007205160 -0.088028111 -4.265806675 -0.006677923 0.999958098 0.006282445 -0.616647005 0.088069677 -0.005670047 0.996098220 65.223052979
0.995968223 0.006925820 -0.089440189 -4.338562965 -0.006337422 0.999956369 0.006861003 -0.627431691 0.089483820 -0.006266522 0.995968580 66.035530090
0.995873272 0.006928062 -0.090489775 -4.415416241 -0.006249083 0.999950111 0.007784568 -0.631837845 0.090539187 -0.007186966 0.995867014 66.839477539
0.995723426 0.009781266 -0.091865450 -4.496583939 -0.008860391 0.999906361 0.010426681 -0.636978805 0.091958843 -0.009568129 0.995716870 67.637214661
0.995594561 0.011008910 -0.093113936 -4.576574802 -0.009667417 0.999843001 0.014845817 -0.646848917 0.093262747 -0.013880238 0.995544791 68.432762146
0.995414495 0.014147265 -0.094603680 -4.659815788 -0.012664877 0.999787807 0.016251568 -0.644528627 0.094813511 -0.014978898 0.995382369 69.208320618
0.995255649 0.017119728 -0.095776215 -4.743213177 -0.016002720 0.999794841 0.012418727 -0.656116962 0.095969170 -0.010827128 0.995325446 69.950813293
0.995108426 0.017202323 -0.097279005 -4.816555023 -0.016778326 0.999845862 0.005174972 -0.662959218 0.097353034 -0.003517479 0.995243728 70.673583984
0.994979203 0.016254367 -0.098752514 -4.887921333 -0.016397810 0.999865234 -0.000641029 -0.669935286 0.098728776 0.002257135 0.995111942 71.379180908
0.994926095 0.016781647 -0.099198177 -4.960602760 -0.017060893 0.999852538 -0.001967307 -0.673776269 0.099150516 0.003649735 0.995065689 72.070419312
0.994820774 0.019659283 -0.099725232 -5.042507172 -0.019571763 0.999806643 0.001856048 -0.687165380 0.099742442 0.000105363 0.995013356 72.746879578
0.994701147 0.019852653 -0.100873768 -5.115836620 -0.019531477 0.999800563 0.004170659 -0.702605724 0.100936443 -0.002178345 0.994890571 73.399032593
0.994656742 0.016746979 -0.101870291 -5.178318024 -0.016750993 0.999859393 0.000816118 -0.711835325 0.101869620 0.000894671 0.994797349 74.026824951
0.994717121 0.008506773 -0.102300972 -5.223529339 -0.008980921 0.999950945 -0.004175127 -0.728235245 0.102260433 0.005071827 0.994744718 74.641548157
0.994841635 0.004665660 -0.101333931 -5.276831627 -0.005620383 0.999942482 -0.009138096 -0.734460890 0.101285458 0.009660494 0.994810462 75.235404968
0.995142102 0.006841334 -0.098210126 -5.337649822 -0.007807272 0.999924779 -0.009454481 -0.745725751 0.098138049 0.010175304 0.995120823 75.823089600
0.995489001 0.011952202 -0.094120868 -5.399581909 -0.012604137 0.999900520 -0.006335105 -0.759161234 0.094035782 0.007492838 0.995540738 76.388755798
0.995936036 0.010444331 -0.089456297 -5.449063301 -0.010766699 0.999937236 -0.003121832 -0.770699263 0.089418091 0.004072295 0.995985866 76.946762085
0.996466279 0.006907973 -0.083708391 -5.485878944 -0.006883107 0.999976158 0.000585656 -0.773455024 0.083710454 -0.000007411 0.996490061 77.491844177
0.997147381 0.002356902 -0.075440772 -5.516159534 -0.002029117 0.999988198 0.004421279 -0.791852951 0.075450309 -0.004255588 0.997140467 78.019378662
0.997876942 0.005975937 -0.064851806 -5.545431614 -0.005709318 0.999974370 0.004295742 -0.799249887 0.064875834 -0.003916361 0.997885644 78.528465271
0.998700738 0.011134917 -0.049729027 -5.573759079 -0.010958227 0.999932587 0.003824285 -0.805823505 0.049768269 -0.003274374 0.998755455 79.033203125
0.999373019 0.016164139 -0.031499688 -5.589550972 -0.016038779 0.999862373 0.004228315 -0.810261428 0.031563696 -0.003720448 0.999494791 79.526771545
0.999846876 0.014868882 -0.009228311 -5.580928326 -0.014822176 0.999877036 0.005109281 -0.819411755 0.009303141 -0.004971716 0.999944448 80.007232666
0.999793649 0.011342385 0.016849140 -5.548795700 -0.011440996 0.999917924 0.005767837 -0.822386384 -0.016782336 -0.005959419 0.999841332 80.457580566
0.998895705 0.010181675 0.045865249 -5.499089718 -0.010527096 0.999917984 0.007295989 -0.829658270 -0.045787204 -0.007770760 0.998920918 80.915664673
0.996813774 0.009660190 0.079176262 -5.444096088 -0.010400373 0.999905944 0.008941473 -0.838038683 -0.079082452 -0.009736447 0.996820509 81.363632202
0.993096828 0.009826634 0.116884552 -5.370793343 -0.010979240 0.999897122 0.009221289 -0.839834929 -0.116781920 -0.010440937 0.993102610 81.807098389
0.987300277 0.009675138 0.158570305 -5.285313606 -0.011306473 0.999891937 0.009388841 -0.849172115 -0.158462316 -0.011062475 0.987303019 82.206459045
0.978982031 0.009419935 0.203729093 -5.169399261 -0.011536230 0.999891043 0.009202679 -0.852903783 -0.203620210 -0.011359525 0.978984118 82.624092102
0.967519641 0.011584286 0.252530307 -5.033103943 -0.013790042 0.999880612 0.006966427 -0.859500766 -0.252419472 -0.010222561 0.967563927 83.025115967
0.951931894 0.013272861 0.306021631 -4.884181976 -0.015163467 0.999877751 0.003801541 -0.860752225 -0.305933774 -0.008259160 0.952016950 83.411163330
0.932181001 0.013195321 0.361751974 -4.705406189 -0.014834677 0.999888361 0.001754669 -0.868563712 -0.361688435 -0.007002143 0.932272792 83.776443481
0.908215284 0.012611165 0.418313295 -4.509660721 -0.014033278 0.999901414 0.000323477 -0.881698310 -0.418268025 -0.006164094 0.908302784 84.106101990
0.879121840 0.013188287 0.476414561 -4.298488617 -0.014006877 0.999900222 -0.001832896 -0.884685576 -0.476391256 -0.005061740 0.879218876 84.417915344
0.845611751 0.012128553 0.533660650 -4.056907654 -0.011803826 0.999922216 -0.004021576 -0.889563799 -0.533667922 -0.002898545 0.845689118 84.721549988
0.808638096 0.011568091 0.588192582 -3.796669006 -0.010474378 0.999931216 -0.005265815 -0.899326563 -0.588213086 -0.001902812 0.808703780 85.010040283
0.768704653 0.010331131 0.639520526 -3.520389557 -0.009819864 0.999942243 -0.004350068 -0.909698188 -0.639528573 -0.002936088 0.768761814 85.278923035
0.726766467 0.010135262 0.686809897 -3.225345612 -0.011141140 0.999933481 -0.002966734 -0.909093797 -0.686794341 -0.005495721 0.726831138 85.513519287
0.681858778 0.009105736 0.731427133 -2.921661377 -0.009790023 0.999946475 -0.003322049 -0.911611557 -0.731418312 -0.004895519 0.681911588 85.735427856
0.635885715 0.007320795 0.771748483 -2.589389801 -0.006480331 0.999970317 -0.004146206 -0.924389601 -0.771756053 -0.002364671 0.635914326 85.939544678
0.589173734 0.004234654 0.807995319 -2.265773773 -0.000001997 0.999986231 -0.005239413 -0.930599213 -0.808006346 0.003085309 0.589165688 86.113868713
0.542587936 0.006009507 0.839977503 -1.931488037 -0.002171438 0.999981105 -0.005751581 -0.943032146 -0.839996099 0.001296779 0.542590916 86.280128479
0.495580703 0.009405322 0.868510962 -1.593811035 -0.005378381 0.999955416 -0.007759810 -0.943509698 -0.868545175 -0.000825570 0.495609254 86.436141968
0.450267553 0.010929445 0.892826855 -1.254650116 -0.006038892 0.999939442 -0.009195139 -0.957915783 -0.892873168 -0.001251412 0.450306296 86.566581726
0.407082736 0.008719591 0.913349688 -0.898689270 0.000266354 0.999953270 -0.009665096 -0.966408014 -0.913391232 0.004177768 0.407061368 86.691551208
0.367060661 0.001305444 0.930196106 -0.529209137 0.014828012 0.999863744 -0.007254436 -0.970611095 -0.930078745 0.016455777 0.366991371 86.791183472
0.331703305 -0.002063011 0.943381608 -0.162845612 0.018833723 0.999812782 -0.004435727 -0.972502053 -0.943195820 0.019238731 0.331680059 86.881637573
0.298337996 0.001621673 0.954458952 0.201911926 0.016262155 0.999844790 -0.006781897 -0.982159734 -0.954321682 0.017544858 0.298265308 86.977722168
0.267477572 0.009097081 0.963521183 0.572725296 0.005436096 0.999925256 -0.010949876 -0.996845007 -0.963548779 0.008166641 0.267408192 87.076377869
0.239147782 0.013955892 0.970882893 0.954368591 0.000184398 0.999895990 -0.014418360 -1.012231350 -0.970983088 0.003627147 0.239120364 87.164588928
0.213406608 0.015552211 0.976839662 1.344650269 0.001635780 0.999866128 -0.016276177 -1.026087046 -0.976962030 0.005071339 0.213352591 87.229530334
0.189912617 0.017004557 0.981653750 1.754634857 0.008775913 0.999780536 -0.019016363 -1.034689903 -0.981761575 0.012226353 0.189721718 87.285720825
0.170012057 0.022939097 0.985174954 2.164711952 0.015662262 0.999539852 -0.025976416 -1.038380861 -0.985317409 0.019846372 0.169574544 87.324913025
0.150021464 0.030040961 0.988226235 2.598856926 0.018323999 0.999282062 -0.033158787 -1.031328678 -0.988512933 0.023082783 0.149363294 87.384857178
0.132390931 0.030659333 0.990723312 3.037650108 0.016029896 0.999324441 -0.033067595 -1.044760585 -0.991067946 0.020259041 0.131810039 87.439231873
0.117077328 0.026465166 0.992770195 3.500486374 0.013788103 0.999505103 -0.028270746 -1.067982674 -0.993027091 0.016998285 0.116654530 87.488693237
0.102628887 0.023133870 0.994450629 3.968069077 0.013753214 0.999600828 -0.024673032 -1.087939024 -0.994624674 0.016209055 0.102269784 87.529510498
0.089212678 0.020857543 0.995794237 4.460678101 0.017067038 0.999601960 -0.022466321 -1.099504232 -0.995866418 0.018999536 0.088821173 87.568176270
0.077603079 0.020181287 0.996780038 4.953853130 0.020748192 0.999545872 -0.021852612 -1.113310456 -0.996768475 0.022377210 0.077149123 87.592651367
0.067410558 0.020802982 0.997508466 5.466145515 0.023779098 0.999465108 -0.022450751 -1.128318787 -0.997441947 0.025233267 0.066879824 87.619689941
0.059474874 0.021390321 0.998000622 6.003848076 0.025919288 0.999400258 -0.022964953 -1.138777494 -0.997893333 0.027233301 0.058884781 87.646064758
0.054008350 0.021378946 0.998311579 6.538785458 0.027322821 0.999364793 -0.022879653 -1.159106255 -0.998166680 0.028512385 0.053389903 87.664863586
0.048610128 0.022458548 0.998565316 7.098359585 0.028732479 0.999301970 -0.023873813 -1.172966361 -0.998404443 0.029851766 0.047930915 87.685195923
0.042790517 0.023174057 0.998815298 7.684082031 0.029027592 0.999280095 -0.024428420 -1.190795183 -0.998662293 0.030038502 0.042087022 87.706512451
0.037905071 0.023169681 0.999012649 8.289268494 0.031512167 0.999206245 -0.024369821 -1.205227494 -0.998784304 0.032404799 0.037144862 87.730094910
0.035102099 0.023247704 0.999113202 8.912304878 0.032750938 0.999165654 -0.024399567 -1.220875502 -0.998846948 0.033578373 0.034311429 87.746047974
0.032210756 0.022563936 0.999226391 9.548595428 0.034011614 0.999141455 -0.023658406 -1.242423773 -0.998902380 0.034747351 0.031415660 87.760581970
0.029739277 0.021846356 0.999319017 10.204568863 0.036136061 0.999084234 -0.022916615 -1.262546301 -0.998904288 0.036792967 0.028922601 87.777931213
0.029155185 0.021675549 0.999339938 10.877908707 0.040398974 0.998922348 -0.022845117 -1.279324770 -0.998758197 0.041038346 0.028248098 87.789878845
0.030318938 0.021195272 0.999315560 11.567931175 0.044142757 0.998771250 -0.022523006 -1.297217250 -0.998565078 0.044795405 0.029346064 87.805679321
0.032662805 0.020977672 0.999246299 12.273664474 0.045988895 0.998689175 -0.022469241 -1.319492340 -0.998407781 0.046688128 0.031655252 87.830162048
0.036525868 0.020927515 0.999113441 12.996466637 0.048345078 0.998573124 -0.022683606 -1.340826988 -0.998162508 0.049130764 0.035461992 87.852912903
0.041038282 0.020467497 0.998947799 13.740549088 0.048781432 0.998556912 -0.022463499 -1.359774113 -0.997965932 0.049651973 0.039980613 87.882209778
0.045100201 0.018894067 0.998803735 14.498103142 0.050414149 0.998504162 -0.021164814 -1.378315926 -0.997709632 0.051308386 0.044080205 87.916084290
0.048715889 0.017425913 0.998660624 15.258321762 0.049422543 0.998580992 -0.019835416 -1.399655581 -0.997589111 0.050322652 0.047785532 87.964202881
0.052952122 0.015237300 0.998480797 16.049245834 0.046978880 0.998738468 -0.017732650 -1.416376829 -0.997491419 0.047846492 0.052169479 88.008872986
0.056589361 0.014363978 0.998294175 16.843486786 0.046214171 0.998787045 -0.016990768 -1.433634877 -0.997327387 0.047096837 0.055856895 88.069023132
0.060874075 0.014903401 0.998034239 17.648830414 0.043751627 0.998887658 -0.017584736 -1.457987905 -0.997186244 0.044736076 0.060154311 88.124282837
0.063987002 0.019184433 0.997766316 18.440700531 0.041302852 0.998907626 -0.021855140 -1.481282711 -0.997095644 0.042609051 0.063124724 88.171730042
0.065242015 0.024694351 0.997563899 19.241058350 0.035575535 0.999000728 -0.027056608 -1.502239227 -0.997235179 0.037254103 0.064298272 88.235809326
0.064918481 0.027658962 0.997507095 20.051391602 0.032649752 0.999021769 -0.029825827 -1.531661510 -0.997356296 0.034504607 0.063951895 88.300277710
0.065282866 0.027130270 0.997497916 20.879732132 0.030453041 0.999110520 -0.029167175 -1.566054583 -0.997402012 0.032280963 0.064398602 88.360473633
0.065314509 0.025404667 0.997541308 21.693918228 0.027536029 0.999249279 -0.027251100 -1.598413587 -0.997484684 0.029248217 0.064565934 88.420478821
0.065634832 0.023866095 0.997558177 22.507261276 0.028840974 0.999250889 -0.025804196 -1.633671880 -0.997426867 0.030464206 0.064897344 88.469169617
0.065323822 0.022995930 0.997599065 23.327217102 0.025918411 0.999357998 -0.024733637 -1.669702053 -0.997527421 0.027471878 0.064685859 88.542694092
0.065602735 0.023550015 0.997567892 24.133777618 0.024494397 0.999382138 -0.025203666 -1.698733449 -0.997545123 0.026088245 0.064985350 88.593528748
0.065453239 0.024123942 0.997564018 24.948131561 0.021355877 0.999444842 -0.025570653 -1.731628180 -0.997626960 0.022977535 0.064901710 88.656150818
0.064226881 0.025496066 0.997609496 25.762168884 0.018481193 0.999471724 -0.026733492 -1.763703465 -0.997764230 0.020154024 0.063721746 88.721771240
0.061140127 0.025334058 0.997807682 26.568569183 0.015434036 0.999534249 -0.026323615 -1.793136001 -0.998009861 0.017009627 0.060720641 88.776481628
0.057591170 0.024341349 0.998043597 27.378059387 0.013208326 0.999596596 -0.025141409 -1.818650961 -0.998252809 0.014630404 0.057246439 88.824859619
0.052973598 0.021725900 0.998359561 28.191228867 0.011409358 0.999684811 -0.022360133 -1.850026608 -0.998530686 0.012575136 0.052709028 88.870635986
0.046681978 0.019663207 0.998716295 28.998920441 0.008971117 0.999757588 -0.020103041 -1.879207373 -0.998869538 0.009898048 0.046494268 88.912689209
0.039126754 0.020107012 0.999031961 29.805770874 0.008904590 0.999750793 -0.020470228 -1.905245066 -0.999194682 0.009696903 0.038937960 88.945655823
0.030756133 0.020837555 0.999309778 30.608097076 0.008829480 0.999737978 -0.021118235 -1.932868600 -0.999487877 0.009472899 0.030564083 88.968292236
0.020748209 0.021374613 0.999556184 31.411022186 0.009255423 0.999724448 -0.021570332 -1.959263086 -0.999741852 0.009698861 0.020544659 88.985725403
0.010326479 0.020264026 0.999741375 32.200309753 0.010643903 0.999735773 -0.020373859 -1.988105536 -0.999889970 0.010851541 0.010108065 88.992042542
-0.000694036 0.019268863 0.999814153 32.994140625 0.009375654 0.999770463 -0.019261518 -2.016997099 -0.999955833 0.009360543 -0.000874533 88.995529175
-0.011693371 0.018576274 0.999759078 33.779983521 0.010783835 0.999771535 -0.018450381 -2.042580843 -0.999873459 0.010565492 -0.011891022 88.982627869
-0.022654930 0.018975014 0.999563396 34.557106018 0.011145610 0.999762654 -0.018726185 -2.066638708 -0.999681234 0.010716503 -0.022861039 88.964874268
-0.033900276 0.019669227 0.999231577 35.335132599 0.011104734 0.999751985 -0.019302728 -2.091327190 -0.999363542 0.010441834 -0.034110293 88.939025879
-0.044116706 0.020533144 0.998815358 36.108306885 0.010541046 0.999742627 -0.020086627 -2.121092558 -0.998970747 0.009642403 -0.044321798 88.895698547
-0.054522172 0.021654405 0.998277724 36.872463226 0.011200194 0.999715149 -0.021073878 -2.144229412 -0.998449743 0.010031912 -0.054749172 88.854057312
-0.063954860 0.022179320 0.997706294 37.625301361 0.012396260 0.999693573 -0.021428876 -2.176841259 -0.997875750 0.010997345 -0.064210199 88.797981262
-0.073707931 0.022720307 0.997020960 38.392383575 0.012833411 0.999679267 -0.021832135 -2.201594830 -0.997197270 0.011185977 -0.073975846 88.745246887
-0.083085343 0.023052441 0.996275723 39.130603790 0.013538081 0.999666214 -0.022001874 -2.230264187 -0.996450424 0.011659629 -0.083369687 88.683357239
-0.091639481 0.022476019 0.995538533 39.862983704 0.014954167 0.999663591 -0.021192620 -2.253975868 -0.995679975 0.012945370 -0.091944762 88.609626770
-0.098815434 0.021322753 0.994877219 40.596469879 0.016733639 0.999664724 -0.019763302 -2.282063961 -0.994965076 0.014694999 -0.099139109 88.528190613
-0.104244374 0.019861842 0.994353354 41.320491791 0.019542163 0.999648511 -0.017918885 -2.306071520 -0.994359732 0.017563878 -0.104595862 88.454154968
-0.107894503 0.018362170 0.993992686 42.029167175 0.022867482 0.999610841 -0.015983766 -2.328229904 -0.993899286 0.021005556 -0.108272396 88.368652344
-0.110636361 0.017348709 0.993709564 42.736686707 0.024244815 0.999597251 -0.014752162 -2.345518827 -0.993565142 0.022460176 -0.111012422 88.287704468
-0.112557240 0.016319416 0.993511200 43.420600891 0.024197062 0.999613583 -0.013678312 -2.368203640 -0.993350565 0.022500459 -0.112908624 88.213035583
-0.113018945 0.016968673 0.993448079 44.089633942 0.025479840 0.999574900 -0.014174630 -2.386398077 -0.993266046 0.023710893 -0.113403276 88.130653381
-0.112025835 0.018042482 0.993541479 44.741321564 0.026056524 0.999544799 -0.015213522 -2.405803204 -0.993363678 0.024183935 -0.112444960 88.059226990
-0.108947322 0.019506618 0.993856192 45.361686707 0.027107647 0.999493957 -0.016645713 -2.428825378 -0.993677855 0.025127590 -0.109420970 87.991897583
-0.103993297 0.020026613 0.994376421 45.981204987 0.026919160 0.999487638 -0.017314311 -2.449337721 -0.994213641 0.024967205 -0.104479127 87.928115845
-0.095929280 0.020979717 0.995167136 46.578643799 0.026437229 0.999478757 -0.018522203 -2.465763807 -0.995037019 0.024532638 -0.096433945 87.874870300
-0.084844775 0.020732364 0.996178627 47.161682129 0.025057880 0.999511659 -0.018667553 -2.492083549 -0.996079028 0.023378273 -0.085322864 87.837249756
-0.071118854 0.020762092 0.997251809 47.713871002 0.024436396 0.999519467 -0.019066630 -2.516486645 -0.997168541 0.023013240 -0.071592033 87.805809021
-0.054396816 0.022031929 0.998276353 48.261669159 0.023259232 0.999513209 -0.020791817 -2.541737795 -0.998248398 0.022088131 -0.054882795 87.797538757
-0.032904565 0.024623206 0.999155164 48.782726288 0.021501960 0.999482512 -0.023923170 -2.563371181 -0.999227166 0.020696606 -0.033416994 87.792182922
-0.008049440 0.027645547 0.999585271 49.307563782 0.019524448 0.999431551 -0.027484069 -2.586437225 -0.999777019 0.019295119 -0.008584628 87.805953979
0.019975975 0.029466093 0.999366105 49.822692871 0.017741092 0.999397755 -0.029821645 -2.605784416 -0.999642968 0.018325558 0.019441180 87.841773987
0.053140968 0.028975641 0.998166561 50.331481934 0.014754517 0.999446988 -0.029798321 -2.629563808 -0.998477995 0.016310975 0.052684058 87.887878418
0.092786163 0.026119022 0.995343387 50.793571472 0.013898605 0.999524474 -0.027524374 -2.656446218 -0.995589018 0.016387766 0.092379034 87.919525146
0.134025961 0.022574646 0.990720689 51.328781128 0.011945123 0.999631107 -0.024393631 -2.673858643 -0.990905762 0.015103662 0.133706853 88.032661438
0.179948270 0.018329890 0.983505249 51.819610596 0.009341617 0.999749482 -0.020341842 -2.693169832 -0.983631611 0.012848008 0.179731935 88.141754150
0.228397056 0.015334843 0.973447323 52.307041168 0.005066862 0.999843717 -0.016939487 -2.706230640 -0.973554790 0.008801256 0.228283644 88.283897400
0.279873729 0.013872097 0.959936678 52.773696899 0.001380081 0.999888837 -0.014851819 -2.722751379 -0.960035801 0.005481426 0.279823422 88.455413818
0.334440649 0.013218081 0.942324221 53.216114044 -0.000621534 0.999904633 -0.013805175 -2.745187521 -0.942416608 0.004031329 0.334416896 88.650978088
0.389357120 0.015070237 0.920963585 53.632663727 0.001383412 0.999855459 -0.016946061 -2.749788284 -0.921085835 0.007872139 0.389280021 88.893653870
0.449852228 0.017713340 0.892927349 54.050643921 0.002585928 0.999773264 -0.021135665 -2.772169113 -0.893099248 0.011816971 0.449704468 89.132080078
0.510119498 0.020981872 0.859847605 54.448085785 0.003418179 0.999645054 -0.026421085 -2.789410591 -0.860096812 0.016417025 0.509866714 89.396759033
0.569110632 0.026241701 0.821842194 54.807937622 -0.000091274 0.999492645 -0.031850941 -2.786193371 -0.822260976 0.018051691 0.568824232 89.679794312
0.622494757 0.029006302 0.782086313 55.119583130 -0.004880556 0.999437332 -0.033182863 -2.808904171 -0.782608807 0.016839137 0.622286022 90.015975952
0.675970733 0.029170906 0.736350954 55.446037292 -0.006321900 0.999409020 -0.033788577 -2.832404375 -0.736901343 0.018184949 0.675755560 90.357543945
0.724951208 0.026688755 0.688282907 55.736934662 -0.006341906 0.999465346 -0.032075338 -2.854802132 -0.688771009 0.018888034 0.724732876 90.713706970
0.769115567 0.024916742 0.638623953 55.979576111 -0.009400848 0.999572694 -0.027677882 -2.859103441 -0.639040709 0.015283881 0.769021034 91.098663330
0.810643435 0.021219566 0.585155606 56.227081299 -0.009937257 0.999697745 -0.022485621 -2.850914001 -0.585455894 0.012412980 0.810609162 91.500549316
0.847649217 0.017173579 0.530279100 56.453258514 -0.011229405 0.999832809 -0.014430346 -2.877448082 -0.530438423 0.006277149 0.847700238 91.916023254
0.878961325 0.014032442 0.476686627 56.640048981 -0.012004763 0.999901295 -0.007299001 -2.883986950 -0.476742059 0.000693029 0.879042983 92.348228455
0.904655039 0.015322880 0.425869137 56.806144714 -0.016000971 0.999870002 -0.001985420 -2.891993523 -0.425844193 -0.005018202 0.904782593 92.790847778
0.924671948 0.016348664 0.380413473 56.929145813 -0.018742265 0.999821007 0.002588525 -2.913156271 -0.380303144 -0.009523349 0.924812913 93.209541321
0.939474106 0.022942984 0.341850579 57.027442932 -0.026382355 0.999637187 0.005414294 -2.923953533 -0.341602415 -0.014105419 0.939738750 93.649406433
0.951222062 0.027133634 0.307311386 57.131465912 -0.030018408 0.999538422 0.004663220 -2.924364805 -0.307043046 -0.013660759 0.951597571 94.103248596
0.960881233 0.028538899 0.275486290 57.262035370 -0.031019835 0.999507964 0.004651884 -2.922616720 -0.275217950 -0.013015445 0.961293757 94.566146851
0.966984212 0.023807809 0.253721654 57.373298645 -0.025802478 0.999656856 0.004536278 -2.925468445 -0.253526539 -0.010933152 0.967266679 95.038162231
0.971033573 0.020658579 0.238048285 57.481048584 -0.022628387 0.999728680 0.005544912 -2.933832645 -0.237869069 -0.010770943 0.971237540 95.525497437
0.973843932 0.025113730 0.225825682 57.571311951 -0.026996814 0.999621809 0.005253874 -2.932977438 -0.225608319 -0.011213025 0.974153638 96.027595520
0.975933909 0.030356275 0.215942949 57.667419434 -0.032366857 0.999459386 0.005779561 -2.932114601 -0.215650707 -0.012629861 0.976388991 96.530761719
0.976866305 0.039377052 0.210194111 57.760494232 -0.041209571 0.999141097 0.004343660 -2.936883450 -0.209842473 -0.012905180 0.977650046 97.030914307
0.977244556 0.044731848 0.207344890 57.853530884 -0.045931455 0.998944104 0.000972562 -2.938677073 -0.207082391 -0.010474080 0.978267491 97.542686462
0.977193713 0.046361260 0.207227439 57.949455261 -0.047196232 0.998885214 -0.000915536 -2.954863787 -0.207038864 -0.008885693 0.978292346 98.070236206
0.977125645 0.043349747 0.208197519 58.097709656 -0.043267261 0.999051332 -0.004952329 -2.952032804 -0.208214670 -0.004169088 0.978074253 98.588737488
0.976389587 0.042202227 0.211854354 58.222633362 -0.040670745 0.999105394 -0.011583323 -2.956040382 -0.212153673 0.002693562 0.977232635 99.135047913
0.975439787 0.042409971 0.216144577 58.344593048 -0.039807353 0.999072969 -0.016382452 -2.959291935 -0.216638997 0.007375952 0.976223767 99.694328308
0.974201500 0.047468446 0.220631182 58.464714050 -0.045108300 0.998858333 -0.015726145 -2.973449230 -0.221125782 0.005368138 0.975230455 100.270439148
0.972700953 0.050435364 0.226515040 58.594276428 -0.048913296 0.998726845 -0.012330911 -2.976711273 -0.226848602 0.000914690 0.973929584 100.868064880
0.971809566 0.047163900 0.231001139 58.740631104 -0.046766646 0.998879910 -0.007198183 -2.993763924 -0.231081903 -0.003807884 0.972926736 101.464004517
0.971136808 0.042987790 0.234617025 58.895645142 -0.043821666 0.999037981 -0.001660562 -3.002897263 -0.234462664 -0.008668676 0.972086430 102.077232361
0.970287681 0.040398456 0.238557413 59.049640656 -0.042373907 0.999096811 0.003156108 -3.011179209 -0.238214448 -0.013170941 0.971123278 102.705055237
0.969826519 0.035232399 0.241236210 59.211940765 -0.037213165 0.999300599 0.003658493 -3.016666651 -0.240938574 -0.012525266 0.970459521 103.329559326
0.969754636 0.032070655 0.241965741 59.366016388 -0.033200633 0.999448478 0.000593026 -3.022959471 -0.241813257 -0.008608503 0.970284581 103.978431702
0.969936311 0.031736515 0.241280958 59.538276672 -0.031060657 0.999495685 -0.006604980 -3.026730061 -0.241368905 -0.001087937 0.970432878 104.617843628
0.970093548 0.033955783 0.240344837 59.696754456 -0.031675957 0.999409080 -0.013343664 -3.033631802 -0.240655899 0.005331449 0.970595896 105.276702881
0.970639229 0.037172697 0.237650558 59.854701996 -0.034022268 0.999270499 -0.017345797 -3.036543846 -0.238121971 0.008751099 0.971195877 105.957397461
0.971242666 0.035287827 0.235462621 60.018089294 -0.033199046 0.999366403 -0.012830661 -3.046375275 -0.235766187 0.004644549 0.971798718 106.648483276
0.971727252 0.031190557 0.234036833 60.192840576 -0.030894732 0.999510407 -0.004931005 -3.062579393 -0.234076038 -0.002438912 0.972215235 107.342437744
0.972350776 0.031524993 0.231387556 60.362388611 -0.032610290 0.999467790 0.000866213 -3.073698521 -0.231237084 -0.008387880 0.972861230 108.064117432
0.972589970 0.034714554 0.229921028 60.516864777 -0.035794999 0.999358952 0.000528691 -3.089101791 -0.229755297 -0.008744222 0.973209083 108.786041260
0.972905397 0.040745068 0.227585346 60.679466248 -0.040787227 0.999157608 -0.004519800 -3.087349415 -0.227577850 -0.004885236 0.973747611 109.513824463
0.973827243 0.041739725 0.223424152 60.849700928 -0.040566560 0.999128342 -0.009840138 -3.093269110 -0.223640159 0.000519047 0.974671602 110.257041931
0.974714458 0.040023047 0.219840467 61.010410309 -0.038153354 0.999190629 -0.012745762 -3.106280804 -0.220172673 0.004035830 0.975452542 111.007804871
0.975650012 0.037969127 0.216021255 61.178527832 -0.036398724 0.999274075 -0.011244981 -3.117714882 -0.216291398 0.003108270 0.976324022 111.780387878
0.976521850 0.034302358 0.212669298 61.343917847 -0.033089560 0.999409497 -0.009260543 -3.130824566 -0.212861374 0.002005992 0.977080405 112.555381775
0.976914048 0.033069324 0.211058393 61.511177063 -0.032472540 0.999452949 -0.006293771 -3.146008968 -0.211151063 -0.000705130 0.977453172 113.342056274
0.977261484 0.029776234 0.209936678 61.681529999 -0.029581852 0.999554038 -0.004066750 -3.153659344 -0.209964186 -0.002236036 0.977706492 114.142684937
0.977481365 0.024857137 0.209552482 61.854686737 -0.024841594 0.999687731 -0.002706628 -3.164716005 -0.209554344 -0.002559940 0.977793634 114.941207886
0.977640927 0.025449824 0.208735704 62.029502869 -0.025789849 0.999666750 -0.001092914 -3.175361872 -0.208693966 -0.004314784 0.977971494 115.750007629
0.977410853 0.030735498 0.209101588 62.194137573 -0.030765802 0.999521732 -0.003108444 -3.182609558 -0.209097132 -0.003394950 0.977889001 116.568222046
0.977076411 0.036807034 0.209683165 62.354316711 -0.036252189 0.999321640 -0.006490309 -3.190278292 -0.209779814 -0.001259945 0.977747977 117.374298096
0.976550817 0.045207158 0.210487157 62.518463135 -0.044508219 0.998976529 -0.008059170 -3.201080799 -0.210636050 -0.001498218 0.977563441 118.200164795
0.975607336 0.051011071 0.213513881 62.683052063 -0.050595731 0.998691738 -0.007412928 -3.218531847 -0.213612661 -0.003570784 0.976911902 119.020759583
0.974785686 0.053825706 0.216553807 62.854160309 -0.053867489 0.998531759 -0.005714110 -3.229375839 -0.216543406 -0.006095177 0.976253867 119.854614258
0.974220634 0.054424908 0.218933851 63.036987305 -0.054332107 0.998502135 -0.006449102 -3.246190786 -0.218956888 -0.005612288 0.975718319 120.677764893
0.973880649 0.052801497 0.220835865 63.219039917 -0.051997148 0.998602509 -0.009458119 -3.256027699 -0.221026659 -0.002271755 0.975265086 121.511665344
0.973924577 0.046426229 0.222070947 63.421615601 -0.045814216 0.998918593 -0.007909412 -3.274864674 -0.222198024 -0.002470834 0.974998474 122.352294922
0.974061906 0.039914627 0.222733438 63.609626770 -0.038815305 0.999202907 -0.009312973 -3.293522358 -0.222927645 0.000425947 0.974834979 123.186759949
0.973911524 0.039231461 0.223510787 63.805191040 -0.038125418 0.999230027 -0.009263380 -3.314412117 -0.223702088 0.000500273 0.974657536 124.007255554
0.973365545 0.041528873 0.225465521 63.994865417 -0.041106578 0.999133170 -0.006569291 -3.326465607 -0.225542903 -0.002873794 0.974229038 124.845985413
0.972961009 0.043531924 0.226830155 64.178009033 -0.044503104 0.999008834 -0.000833230 -3.339993954 -0.226641610 -0.009283943 0.973933935 125.671989441
0.972581089 0.047101792 0.227744609 64.359840393 -0.049141090 0.998786390 0.003289037 -3.354803085 -0.227313370 -0.014390474 0.973715246 126.498428345
0.972342432 0.046586834 0.228867173 64.544754028 -0.047170177 0.998882592 -0.002924060 -3.373457432 -0.228747681 -0.007952519 0.973453224 127.318031311
0.972678065 0.041926995 0.228341028 64.746253967 -0.038929448 0.999086618 -0.017617915 -3.386343956 -0.228871152 0.008247366 0.973421693 128.131637573
